0.138
0.651
0.314
0.389
0.079
-0.052
0.387
0.719
0.198
0.71
0.567
0.415
0.523
0.057
0.318
0.096
0.243
0.292
0.308
-0.015
0.867
0.287
0.391
0.147
0.06
0.269
0.205
0.194
0.201
0.176
0.027
0.418
0.163
0.474
0.71
0.131
0.297
0.613
0.286
0.41
0.321
-0.022
0.171
0.413
0.365
0.467
0.837
-0.044
0.42
0.113
0.233
0.226
0.056
0.289
0.346
0.737
0.474
0.099
0.563
0.609
0.445
0.57
0.579
0.403
0.627
0.46
0.518
0.291
0.583
0.31
0.367
0.092
0.415
0.386
0.402
0.207
0.552
0.873
0.263
0.007
0.752
0.201
0.458
0.176
0.65
0.206
0.317
0.389
0.23
0.845
0.043
0.586
0.541
0.318
0.243
0.557
0.232
0.596
0.617
0.174
0.507
0.458
0.143
0.232
0.296
0.369
0.285
0.046
0.374
0.258
0.32
0.339
0.629
0.377
0.291
0.577
0.498
0.264
0.801
0.309
0.031
0.154
0.047
0.334
0.307
0.63
0.331
0.125
0.16
0.159
0.47
0.367
0.668
0.552
0.152
-0.018
0.566
0.408
0.451
0.396
0.273
0.227
0.732
0.542
0.245
0.386
0.094
0.109
0.212
0.517
0.482
0.784
0.473
0.634
0.89
0.329
0.169
0.19
0.507
0.089
0.481
0.427
0.618
0.04
0.266
0.47
0.678
0.01
0.597
0.352
0.084
0.372
0.767
0.091
1.006
0.779
0.741
0.512
0.02
0.395
0.499
0.99
0.301
-0.022
0.126
0.46
-0.011
0.459
0.419
0.011
0.29
0.552
0.351
0.082
0.484
0.026
0.302
0.907
0.189
0.374
0.228
0.372
0.173
0.073
0.243
0.401
0.23
0.242
0.5
0.213
0.387
0.241
0.246
0.447
0.442
0.01
0.146
0.539
0.704
0.204
0.769
0.877
0.075
0.092
0.548
0.676
0.232
0.882
0.388
0.241
0.456
0.115
0.4
0.72
0.512
0.276
0.448
0.84
-0.05
0.367
0.107
-0.086
0.553
0.76
0.561
0.799
0.369
0.419
0.443
0.628
0.65
0.473
0.099
0.466
0.424
0.749
0.451
0.372
0.181
0.509
0.483
0.499
0.018
0.48
-0.043
0.485
0.73
-0.013
0.315
0.503
0.108
0.211
-0.015
0.077
0.723
0.085
0.363
0.149
0.037
0.237
0.125
0.247
0.777
0.156
0.68
0.369
0.263
0.238
0.577
0.302
0.448
0.101
0.492
0.264
0.59
0.134
0.656
0.028
0.033
0.358
0.149
0.243
0.52
0.252
0.36
0.015
0.538
0.792
0.277
0.028
0.421
0.623
0.316
0.288
-0.014
0.579
0.433
0.47
0.341
0.603
0.5
0.353
0.401
0.382
0.705
0.198
0.001
0.232
0.5
0.89
0.228
0.54
-0.024
0.414
0.03
-0.036
0.221
0.619
0.666
0.531
0.489
0.623
0.341
1.036
0.175
0.568
0.116
0.345
0.14
0.648
0.046
0.164
0.14
0.519
0.161
0.302
0.505
0.788
0.207
0.373
0.624
0.657
0.324
0.516
0.314
0.53
0.692
0.368
0.241
0.451
0.111
0.264
0.308
0.399
0.259
0.577
0.01
1.077
0.01
0.463
0.212
0.406
1.027
0.458
0.498
0.804
0.242
0.315
0.65
-0.021
0.898
0.436
0.605
0.456
0.734
0.497
0.181
0.024
0.247
0.248
0.311
0.018
-0.01
0.288
0.477
0.152
0.672
0.405
0.747
0.124
0.476
0.485
0.182
0.056
0.065
0.74
0.598
0.11
0.659
0.335
0.696
0.606
0.5
0.114
0.231
0.651
0.171
0.282
0.006
0.01
0.337
0.255
0.225
0.262
0.175
0.512
0.229
0.007
0.434
0.596
0.029
0.308
0.562
0.377
0.325
0.262
0.412
0.497
0.411
0.441
0.458
0.368
0.457
0.083
0.182
0.285
0.395
0.758
0.643
-0.077
0.033
0.36
0.206
0.61
0.408
0.479
-0.032
0.01
0.485
0.904
0.088
0.569
0.408
0.591
0.178
0.37
0.246
0.494
0.414
0.376
0.62
0.789
0.206
0.466
0.567
0.542
0.455
0.302
0.616
0.132
0.016
0.481
0.933
0.636
0.018
0.106
0.63
0.282
0.688
0.945
0.569
0.178
0.031
0.335
-0.007
0.15
-0.041
0.064
0.409
0.443
0.299
0.281
0.231
0.516
0.76
0.231
0.291
0.48
0.365
0.453
0.872
0.414
0.537
0.509
0.017
0.776
-0.141
0.214
0.389
0.534
0.233
0.397
0.616
0.543
0.167
0.412
0.898
0.506
0.357
0.039
-0.071
0.319
0.461
0.234
0.146
0.416
0.313
0.593
0.147
0.482
0.338
0.521
0.283
0.54
0.178
0.512
0.143
0.584
0.445
0.221
0.538
0.493
0.61
0.26
0.112
0.369
0.44
0.814
0.666
0.067
0.525
0.503
0.272
0.333
0.089
0.79
0.966
0.462
0.131
0.381
0.002
0.319
0.451
0.5
0.812
0.537
0.547
0.234
0.162
0.354
0.511
0.012
0.598
0.101
0.607
0.247
0.318
-0.01
0.343
0.075
0.057
0.743
0.086
0.478
0.361
0.163
0.255
0.161
0.389
0.718
0.867
0.447
0.409
0.526
0.723
0.499
0.352
0.991
0.428
0.464
0.435
0.527
0.381
0.525
0.272
0.287
0.144
0.882
0.665
0.583
0.42
0.827
0.262
0.184
0.346
0.78
0.445
0.815
0.391
0.508
0.026
0.64
0.75
0.099
0.39
0.319
0.765
0.49
0.495
0.711
0.64
1.077
0.26
0.311
0.076
0.268
0.472
0.433
0.629
0.553
0.084
0.294
0.47
0.405
0.381
0.126
0.326
0.605
0.583
0.486
0.715
0.581
0.658
0.357
0.644
0.506
0.117
0.289
0.044
0.59
0.302
0.341
0.275
0.274
0.122
0.439
0.814
0.003
0.484
0.759
0.198
0.196
0.011
0.627
0.792
0.409
0.498
0.043
0.643
0.738
0.152
0.351
0.029
0.173
0.469
0.235
0.325
0.835
0.413
0.128
0.488
0.176
0.325
0.057
0.706
0.253
0.149
0.611
0.201
0.21
0.265
0.028
0.47
0.11
0.477
0.071
0.384
0.249
0.26
0.878
0.221
0.296
0.433
0.752
0.671
0.252
0.085
0.25
0.014
0.489
0.261
0.649
0.498
0.35
0.071
0.001
0.378
0.673
0.062
0.4
0.431
0.603
0.716
0.43
0.048
0.279
-0.016
0.461
0.859
0.061
0.518
0.763
0.121
0.78
0.279
0.339
0.538
0.383
0.35
0.273
0.663
0.17
0.706
0.358
0.752
0.129
0.168
0.283
0.333
0.115
0.425
0.087
0.127
0.922
0.393
0.262
0.017
0.243
0.699
0.248
0.391
0.682
0.527
0.038
-0.006
0.396
0.082
0.696
0.436
0.452
0.322
0.416
0.241
0.002
0.011
0.114
0.256
0.624
0.37
0.21
0.469
0.363
0.705
0.053
0.449
0.556
